{
 "cells": [
  {
   "cell_type": "code",
   "execution_count": 6,
   "metadata": {
    "scrolled": false
   },
   "outputs": [
    {
     "name": "stderr",
     "output_type": "stream",
     "text": [
      "INFO:root:------- Tasks -------\n",
      "INFO:root: TASK id: 0, succ: [1], pred: [], avg_comp_cost: 0, ranku: 9999, rankd: 0\n",
      "INFO:root: TASK id: 1, succ: [8, 2, 3], pred: [0], avg_comp_cost: 114.0, ranku: 710.0, rankd: 0\n",
      "INFO:root: TASK id: 2, succ: [3, 4], pred: [1], avg_comp_cost: 49.0, ranku: 596.0, rankd: 114.0\n",
      "INFO:root: TASK id: 3, succ: [8, 4, 5, 6], pred: [1, 2], avg_comp_cost: 103.0, ranku: 547.0, rankd: 163.0\n",
      "INFO:root: TASK id: 4, succ: [8, 7], pred: [2, 3], avg_comp_cost: 73.0, ranku: 444.0, rankd: 266.0\n",
      "INFO:root: TASK id: 5, succ: [9, 6], pred: [3, 7], avg_comp_cost: 38.0, ranku: 329.0, rankd: 381.0\n",
      "INFO:root: TASK id: 6, succ: [8, 12], pred: [3, 5, 7], avg_comp_cost: 39.0, ranku: 291.0, rankd: 419.0\n",
      "INFO:root: TASK id: 7, succ: [10, 5, 6], pred: [4], avg_comp_cost: 42.0, ranku: 371.0, rankd: 339.0\n",
      "INFO:root: TASK id: 8, succ: [10, 11], pred: [1, 3, 4, 6], avg_comp_cost: 100.0, ranku: 252.0, rankd: 458.0\n",
      "INFO:root: TASK id: 9, succ: [12], pred: [5], avg_comp_cost: 86.0, ranku: 146.0, rankd: 419.0\n",
      "INFO:root: TASK id: 10, succ: [12], pred: [7, 8], avg_comp_cost: 92.0, ranku: 152.0, rankd: 558.0\n",
      "INFO:root: TASK id: 11, succ: [12], pred: [8], avg_comp_cost: 68.0, ranku: 128.0, rankd: 558.0\n",
      "INFO:root: TASK id: 12, succ: [], pred: [6, 9, 10, 11], avg_comp_cost: 60.0, ranku: 60.0, rankd: 650.0\n",
      "INFO:root:--------------------\n",
      "INFO:root:task scheduling order: [0, 1, 2, 3, 4, 7, 5, 6, 8, 10, 9, 11, 12]\n",
      "INFO:root:tasks on processor 0: [{0: (0, 0)}, {1: (0, 114.0)}, {2: (114.0, 163.0)}, {3: (163.0, 266.0)}, {4: (266.0, 339.0)}, {7: (339.0, 381.0)}, {5: (381.0, 419.0)}, {6: (419.0, 458.0)}, {8: (458.0, 558.0)}, {10: (558.0, 650.0)}, {12: (650.0, 710.0)}]\n",
      "INFO:root:tasks on processor 1: [{9: (419.0, 505.0)}, {11: (558.0, 626.0)}]\n",
      "INFO:root:tasks on processor 2: []\n",
      "INFO:root:makespan: 710.0\n"
     ]
    },
    {
     "name": "stdout",
     "output_type": "stream",
     "text": [
      "vertex_cpu:\n",
      "[90, 30, 90, 60, 30, 30, 30, 90, 80, 90, 60, 60]\n",
      "edge weight:\n",
      "[9, 8, 7, 9, 10, 5, 8, 7, 6, 8, 5, 7, 7, 3, 9, 6, 2, 8]\n",
      "communication_cpu\n",
      "[114.0, 49.0, 103.0, 73.0, 38.0, 39.0, 42.0, 100.0, 86.0, 92.0, 68.0, 60.0]\n",
      "process\n",
      "[ 26.4  20.9  14.3  14.3   8.8   9.9  13.2  11.    6.6   2.2   8.8   0. ]\n",
      "iso_value\n",
      "[[ 0.59930344  0.28034517  0.63973131  0.63685472  0.11942827  0.69095966\n",
      "   0.1805587   0.50466593  0.57641766  0.02598756  0.83295472  0.10942064]\n",
      " [ 0.28034517  0.19390518  0.64976036  0.39039874  0.04758756  0.28892674\n",
      "   0.66263973  0.34266685  0.7918022   0.95227437  0.63387819  0.4367043 ]\n",
      " [ 0.63973131  0.64976036  0.88778658  0.4608908   0.42204043  0.56463689\n",
      "   0.81501108  0.41979745  0.11386152  0.77496067  0.67693414  0.51844884]\n",
      " [ 0.63685472  0.39039874  0.4608908   0.19548221  0.4922399   0.68035593\n",
      "   0.31102005  0.41183823  0.47771465  0.6820672   0.73192878  0.71460451]\n",
      " [ 0.11942827  0.04758756  0.42204043  0.4922399   0.82884775  0.61215038\n",
      "   0.23963676  0.43595152  0.73381904  0.44962435  0.10868492  0.31702162]\n",
      " [ 0.69095966  0.28892674  0.56463689  0.68035593  0.61215038  0.53199055\n",
      "   0.28303308  0.33996157  0.39635121  0.42993359  0.72335078  0.64986899]\n",
      " [ 0.1805587   0.66263973  0.81501108  0.31102005  0.23963676  0.28303308\n",
      "   0.38968104  0.68171335  0.07046383  0.65871639  0.43051844  0.21281409]\n",
      " [ 0.50466593  0.34266685  0.41979745  0.41183823  0.43595152  0.33996157\n",
      "   0.68171335  0.09064475  0.77651832  0.44654992  0.91427005  0.2352185 ]\n",
      " [ 0.57641766  0.7918022   0.11386152  0.47771465  0.73381904  0.39635121\n",
      "   0.07046383  0.77651832  0.30000225  0.0529583   0.53567258  0.35759709]\n",
      " [ 0.02598756  0.95227437  0.77496067  0.6820672   0.44962435  0.42993359\n",
      "   0.65871639  0.44654992  0.0529583   0.81249356  0.79102254  0.08896226]\n",
      " [ 0.83295472  0.63387819  0.67693414  0.73192878  0.10868492  0.72335078\n",
      "   0.43051844  0.91427005  0.53567258  0.79102254  0.62191332  0.81963588]\n",
      " [ 0.10942064  0.4367043   0.51844884  0.71460451  0.31702162  0.64986899\n",
      "   0.21281409  0.2352185   0.35759709  0.08896226  0.81963588  0.86742788]]\n",
      "[0, 1, 3, 7] [2, 4, 5, 6, 8, 9, 10, 11]\n",
      "Edge (2, 7) is updated\n",
      "\n",
      "[0, 1, 2, 3, 7] [4, 5, 6, 8, 9, 10, 11]\n",
      "Edge (5, 7) is updated\n",
      "\n",
      "[0, 1, 3] [2, 4, 5, 6, 7, 8, 9, 10, 11]\n",
      "Edge (2, 3) is updated\n",
      "\n",
      "[0, 1, 2, 3, 5, 7] [4, 6, 8, 9, 10, 11]\n",
      "Edge (6, 5) is updated\n",
      "\n",
      "[0, 1, 2, 3, 5, 6, 7] [4, 8, 9, 10, 11]\n",
      "Edge (4, 5) is updated\n",
      "\n",
      "[[ -1.   9.   8.  -1.  -1.  -1.  -1.   7.  -1.  -1.  -1.  -1.]\n",
      " [ -1.  -1.   9.  10.  -1.  -1.  -1.  -1.  -1.  -1.  -1.  -1.]\n",
      " [ -1.  -1.  -1.   0.   5.   8.  -1.   0.  -1.  -1.  -1.  -1.]\n",
      " [ -1.  -1.  -1.  -1.  -1.  -1.   7.   6.  -1.  -1.  -1.  -1.]\n",
      " [ -1.  -1.  -1.  -1.  -1.   0.  -1.  -1.   8.  -1.  -1.  -1.]\n",
      " [ -1.  -1.  -1.  -1.  -1.  -1.  -1.   0.  -1.  -1.  -1.   9.]\n",
      " [ -1.  -1.  -1.  -1.   5.   0.  -1.  -1.  -1.   7.  -1.  -1.]\n",
      " [ -1.  -1.  -1.  -1.  -1.  -1.  -1.  -1.  -1.   7.   3.  -1.]\n",
      " [ -1.  -1.  -1.  -1.  -1.  -1.  -1.  -1.  -1.  -1.  -1.   6.]\n",
      " [ -1.  -1.  -1.  -1.  -1.  -1.  -1.  -1.  -1.  -1.  -1.   2.]\n",
      " [ -1.  -1.  -1.  -1.  -1.  -1.  -1.  -1.  -1.  -1.  -1.   8.]\n",
      " [ -1.  -1.  -1.  -1.  -1.  -1.  -1.  -1.  -1.  -1.  -1.  -1.]]\n",
      "{1: {8, 2, 3}, 2: {3, 4}, 3: {8, 4, 5, 6}, 4: {8, 7}, 5: {9, 6}, 6: {8, 12}, 7: {10, 5, 6}, 8: {10, 11}, 9: {12}, 10: {12}, 11: {12}, 12: set()}\n",
      "Vc+Vp:\n",
      "[5, 8, 10, 12, 0, 1, 2, 3, 4, 7, 6, 9, 11]\n",
      "forward:\n",
      "1002.3\n",
      "{0: {9, 5, 6}, 1: {8, 10}, 2: {0, 1, 2, 12}, 3: {3, 4, 7}, 4: {11}}\n",
      "Vc+Vp:\n",
      "[12, 10, 8, 5, 11, 9, 6, 7, 4, 3, 2, 1, 0]\n",
      "backward:\n",
      "1017.1\n",
      "{0: {10, 11, 12}, 1: {8, 4, 6}, 2: {3, 5, 7}, 3: {0, 9, 2, 1}}\n",
      "in order:\n",
      "969.0\n",
      "{0: {0, 1, 2, 3}, 1: {4, 5, 7}, 2: {8, 9, 6}, 3: {10, 11, 12}}\n",
      "random:\n",
      "1059.7\n",
      "{0: {10, 3, 12}, 1: {0, 8, 5, 7}, 2: {9, 2, 4}, 3: {11, 6}, 4: {1}}\n",
      "upper bound:\n",
      "1117.0\n",
      "{0: {10, 3, 12}, 1: {0, 8, 5, 7}, 2: {9, 2, 4}, 3: {11, 6}, 4: {1}}\n"
     ]
    }
   ],
   "source": [
    "%run main"
   ]
  },
  {
   "cell_type": "code",
   "execution_count": null,
   "metadata": {},
   "outputs": [],
   "source": []
  },
  {
   "cell_type": "code",
   "execution_count": null,
   "metadata": {},
   "outputs": [],
   "source": []
  }
 ],
 "metadata": {
  "kernelspec": {
   "display_name": "Python 3",
   "language": "python",
   "name": "python3"
  },
  "language_info": {
   "codemirror_mode": {
    "name": "ipython",
    "version": 3
   },
   "file_extension": ".py",
   "mimetype": "text/x-python",
   "name": "python",
   "nbconvert_exporter": "python",
   "pygments_lexer": "ipython3",
   "version": "3.6.7"
  }
 },
 "nbformat": 4,
 "nbformat_minor": 2
}
